start=2764.512000
speed=1.210000
sid=1
